x:  [0.2125815  0.77196701 0.5360372  0.65247849 0.2343334  0.20617987
 0.4881975  0.56281905 0.50763783 0.12643759 0.62413299 0.69232343
 0.35559609 0.85913296 0.65042634 0.45537271 0.06629136 0.70160822
 0.07687151 0.48273304 0.94928961 0.79387118 0.25775238 0.61455986
 0.0099315  0.78770716 0.78027163 0.38433115 0.33938544 0.87495462
 0.22054669 0.20792284 0.84079296 0.89781626 0.41991886 0.08480277
 0.74091187 0.19222769 0.82504176 0.04520303 0.36194182 0.5022837
 0.91299159 0.776737   0.55361899 0.37509359 0.16278208 0.65762574
 0.14048298 0.21187994 0.57472617 0.82326065 0.19934735 0.75911065
 0.43989424 0.03407918 0.34057925 0.970773   0.97012902 0.81992689
 0.56973758 0.37320683 0.59322253 0.49230158 0.50622894 0.81271617
 0.51551568 0.05386138 0.60065346 0.64137594 0.733484   0.06264406
 0.990911   0.78052475 0.60039856 0.73844058 0.57347233 0.57332937
 0.15822582 0.51337867 0.18506381 0.5908981  0.69883325 0.77381631
 0.08909815 0.98218318 0.37878178 0.89619641 0.29781072 0.97242942
 0.26558797 0.16443151 0.98739647 0.04948821 0.58267343 0.28588525
 0.74186826 0.15190411 0.52477268 0.52483819]

y:  [ 0.45177376 -0.92231251  0.02353849 -0.5145985   1.63759566  1.11849843
  0.47993821 -0.04004671 -0.20804494  0.97343875 -1.03290507 -0.7333593
  0.80731915 -0.20333141 -0.47724904  0.0249435  -0.14029002 -1.43020273
  0.41015061  0.05616134 -0.57351182 -0.98228936  0.84148704 -0.93457785
 -0.45786017 -0.84049918 -1.2425877   0.85988175  0.78699975 -0.81734983
  0.62402941  0.78090669 -0.92811606 -0.36073755  0.53776821  0.75238258
 -1.08923901  1.30761996 -1.14774117  0.46945124  1.03625734 -0.26954696
 -1.15116534 -0.73211191 -0.47324144  0.92620496  0.95477495 -0.95637491
  0.81339553  1.04433807 -0.2789404  -1.82240364  0.80455698 -0.77524886
  0.29196099  0.62039195  0.82945332  0.5605564  -0.18259027 -1.08379574
 -0.66798413  0.70352855 -0.75545113 -0.02967025 -0.05042198 -0.93752281
 -0.43509027  0.505987   -0.11392177 -0.67182945 -0.67007643  0.60965245
 -0.13745053 -0.46506274 -0.39181109 -1.32014547 -0.57116795 -0.58916726
  0.94838054 -0.1468185   1.33133941 -0.65474121 -1.49268215 -1.04177143
  0.24790016 -0.35671937  0.9058019  -1.38169517  0.95236502  0.06186297
  1.28676172  1.08069233  0.1950724   0.54598903 -0.91110909  0.60176928
 -0.49743887  1.02418821 -0.32823033 -0.16529267]

x_train:  [0.19934735 0.77196701 0.16443151 0.16278208 0.43989424 0.5360372
 0.36194182 0.78027163 0.20792284 0.20617987 0.65247849 0.56973758
 0.28588525 0.89619641 0.15822582 0.78052475 0.78770716 0.21187994
 0.82504176 0.5908981  0.733484   0.0099315  0.65042634 0.45537271
 0.52477268 0.2343334  0.04948821 0.58267343 0.07687151 0.94928961
 0.05386138 0.22054669 0.35559609 0.04520303 0.75911065 0.52483819
 0.74186826 0.81992689 0.73844058 0.98218318 0.26558797 0.29781072
 0.79387118 0.51337867 0.776737   0.08909815 0.69232343 0.69883325
 0.98739647 0.970773   0.70160822 0.06264406 0.49230158 0.56281905
 0.97012902 0.59322253 0.51551568 0.37878178 0.61455986 0.82326065
 0.34057925 0.18506381 0.89781626 0.14048298 0.91299159 0.41991886
 0.37509359 0.06629136 0.37320683 0.15190411 0.50763783 0.84079296
 0.08480277 0.19222769 0.990911   0.4881975  0.62413299 0.55361899
 0.25775238 0.64137594]

y_train:  [ 0.80455698 -0.92231251  1.08069233  0.95477495  0.29196099  0.02353849
  1.03625734 -1.2425877   0.78090669  1.11849843 -0.5145985  -0.66798413
  0.60176928 -1.38169517  0.94838054 -0.46506274 -0.84049918  1.04433807
 -1.14774117 -0.65474121 -0.67007643 -0.45786017 -0.47724904  0.0249435
 -0.32823033  1.63759566  0.54598903 -0.91110909  0.41015061 -0.57351182
  0.505987    0.62402941  0.80731915  0.46945124 -0.77524886 -0.16529267
 -0.49743887 -1.08379574 -1.32014547 -0.35671937  1.28676172  0.95236502
 -0.98228936 -0.1468185  -0.73211191  0.24790016 -0.7333593  -1.49268215
  0.1950724   0.5605564  -1.43020273  0.60965245 -0.02967025 -0.04004671
 -0.18259027 -0.75545113 -0.43509027  0.9058019  -0.93457785 -1.82240364
  0.82945332  1.33133941 -0.36073755  0.81339553 -1.15116534  0.53776821
  0.92620496 -0.14029002  0.70352855  1.02418821 -0.20804494 -0.92811606
  0.75238258  1.30761996 -0.13745053  0.47993821 -1.03290507 -0.47324144
  0.84148704 -0.67182945]

x_test:  [0.60065346 0.33938544 0.87495462 0.57472617 0.57347233 0.38433115
 0.74091187 0.65762574 0.48273304 0.5022837  0.12643759 0.50622894
 0.97242942 0.77381631 0.60039856 0.03407918 0.81271617 0.2125815
 0.57332937 0.85913296]

y_test:  [-0.11392177  0.78699975 -0.81734983 -0.2789404  -0.57116795  0.85988175
 -1.08923901 -0.95637491  0.05616134 -0.26954696  0.97343875 -0.05042198
  0.06186297 -1.04177143 -0.39181109  0.62039195 -0.93752281  0.45177376
 -0.58916726 -0.20333141]



Model fitting for degree 1


Model fitting for degree 2


Model fitting for degree 3


Model fitting for degree 4


Model fitting for degree 5


Model fitting for degree 6


Model fitting for degree 7


Model fitting for degree 8


Model fitting for degree 9


Y_estimates: 
 [array([0.67160006, 0.67310294, 0.67150842, 0.67150409, 0.67223139,
       0.67248372, 0.6720268 , 0.67312473, 0.67162257, 0.67161799,
       0.67278933, 0.67257217, 0.67182719, 0.67342898, 0.67149214,
       0.6731254 , 0.67314425, 0.67163295, 0.67324223, 0.67262771,
       0.67300194, 0.67110293, 0.67278395, 0.67227202, 0.67245416,
       0.67169188, 0.67120675, 0.67260612, 0.67127862, 0.67356833,
       0.67121822, 0.6716557 , 0.67201015, 0.6711955 , 0.67306919,
       0.67245433, 0.67302394, 0.67322881, 0.67301494, 0.67365466,
       0.67177391, 0.67185848, 0.67316043, 0.67242426, 0.67311546,
       0.67131071, 0.67289391, 0.67291099, 0.67366835, 0.67362472,
       0.67291828, 0.67124127, 0.67236894, 0.67255402, 0.67362303,
       0.67263381, 0.67242986, 0.672071  , 0.67268981, 0.67323756,
       0.67197073, 0.67156257, 0.67343324, 0.67144557, 0.67347306,
       0.67217896, 0.67206132, 0.67125085, 0.67205637, 0.67147554,
       0.67240919, 0.67328358, 0.67129943, 0.67158138, 0.67367757,
       0.67235817, 0.67271494, 0.67252987, 0.67175335, 0.67276019]), array([1.14237561, 1.95774368, 1.10363705, 1.10183825, 1.44355353,
       1.58068374, 1.33939279, 1.97206578, 1.152083  , 1.1501038 ,
       1.75957753, 1.6310159 , 1.24382783, 2.17944281, 1.09688402,
       1.97250344, 1.98494965, 1.15658807, 2.05050598, 1.66322038,
       1.89230795, 0.94736842, 1.75630322, 1.46498449, 1.56412214,
       1.18245781, 0.98502467, 1.65064807, 1.01204109, 2.27906538,
       0.98928717, 1.16651162, 1.33119044, 0.98086714, 1.93571246,
       1.56421807, 1.90643377, 2.04143942, 1.90065001, 2.34224984,
       1.21933655, 1.25841632, 1.99567368, 1.54750374, 1.96596124,
       1.02435459, 1.82401605, 1.83470012, 2.35236676, 2.32020543,
       1.83926781, 0.99790738, 1.51711664, 1.62058704, 2.31896529,
       1.66678621, 1.55061038, 1.36136186, 1.69978045, 2.04734573,
       1.31194602, 1.12637572, 2.18243909, 1.07779618, 2.21064128,
       1.41626284, 1.35652521, 1.00151068, 1.35405639, 1.09004572,
       1.53918154, 2.07859651, 1.02001106, 1.13437403, 2.35920293,
       1.51125322, 1.71473668, 1.60679581, 1.20999599, 1.74191488]), array([0.61640441, 1.5978238 , 0.5776206 , 0.57582656, 0.93634809,
       1.0971184 , 0.82109347, 1.61860622, 0.62617555, 0.62418142,
       1.32362872, 1.15887864, 0.71993724, 1.9342034 , 0.57088802,
       1.61924336, 1.63741344, 0.63071843, 1.73475041, 1.19919614,
       1.50453326, 0.42184949, 1.31930591, 0.96077312, 1.07712603,
       0.65691532, 0.45967351, 1.18338162, 0.48659202, 2.0955739 ,
       0.4639295 , 0.64074466, 0.81224907, 0.45551829, 1.56611004,
       1.07724137, 1.52444172, 1.72112498, 1.51627496, 2.20119224,
       0.69462559, 0.73512512, 1.65314859, 1.05722714, 1.6097321 ,
       0.49882795, 1.41006823, 1.42465245, 2.21833871, 2.16405534,
       1.43090952, 0.47252519, 1.02125686, 1.14595713, 2.1619753 ,
       1.20369909, 1.06093476, 0.84494276, 1.24573385, 1.72999515,
       0.791623  , 0.60034842, 1.93896457, 0.5518913 , 1.98405922,
       0.90560528, 0.83967184, 0.47611426, 0.83698581, 0.56407718,
       1.04732271, 1.77729893, 0.49451335, 0.60836752, 2.22996155,
       1.01437733, 1.26500878, 1.12897005, 0.68503046, 1.30038932]), array([0.08292902, 1.10219945, 0.06859445, 0.06797348, 0.27721563,
       0.42814092, 0.19087881, 1.13613209, 0.08682429, 0.08601979,
       0.6972188 , 0.49518706, 0.13043324, 1.70223257, 0.06628271,
       1.13717924, 1.16721282, 0.08867545, 1.33361429, 0.54156441,
       0.95532889, 0.02612115, 0.69150278, 0.297888  , 0.40749392,
       0.09985752, 0.03462476, 0.52313067, 0.04127833, 2.02588098,
       0.03564053, 0.09285231, 0.18502339, 0.03364539, 1.05126262,
       0.40761153, 0.98591161, 1.30977086, 0.97331555, 2.24923893,
       0.11751588, 0.13860282, 1.19348661, 0.38746457, 1.12158961,
       0.04449402, 0.81601368, 0.83688633, 2.28632811, 2.16969516,
       0.84591339, 0.03773244, 0.35259229, 0.4807561 , 2.16527196,
       0.5468699 , 0.39115687, 0.20721624, 0.59759764, 1.32527292,
       0.1717947 , 0.07677992, 1.71146578, 0.06002767, 1.799884  ,
       0.25237021, 0.20353668, 0.03862238, 0.20167662, 0.06399518,
       0.37769039, 1.40919893, 0.04334567, 0.07981237, 2.31159858,
       0.34612013, 0.62157639, 0.46210787, 0.11284455, 0.6667463 ]), array([0.54989631, 1.53877404, 0.53131144, 0.53050376, 0.77460764,
       0.92764596, 0.68029728, 1.56803958, 0.55491066, 0.55387666,
       1.1807311 , 0.99251756, 0.60944199, 2.04664279, 0.5283046 ,
       1.56894134, 1.59477155, 0.55728651, 1.7368265 , 1.03658001,
       1.41100631, 0.47962034, 1.17552265, 0.79630976, 0.90734531,
       0.57152964, 0.488608  , 1.01913806, 0.4964347 , 2.31490649,
       0.48976713, 0.56262914, 0.67363858, 0.48750494, 1.49467433,
       0.90746143, 1.43777167, 1.71657211, 1.42675889, 2.49866219,
       0.59361176, 0.61931765, 1.61731673, 0.88748699, 1.55550785,
       0.5003775 , 1.28780392, 1.30640939, 2.52908986, 2.4333278 ,
       1.3144387 , 0.49219824, 0.85248577, 0.97867932, 2.42969149,
       1.04158341, 0.89116055, 0.69867613, 1.08907313, 1.72974423,
       0.65844602, 0.54194429, 2.05433671, 0.52017942, 2.12788168,
       0.7481229 , 0.69456155, 0.49324882, 0.69247622, 0.52533023,
       0.87773348, 1.80083724, 0.49896001, 0.54587087, 2.54980915,
       0.84592503, 1.11131666, 0.96069956, 0.58782019, 1.15289734]), array([1.05262244, 2.42202956, 1.01551153, 1.01378481, 1.36775228,
       1.55593738, 1.24886253, 2.46967109, 1.0619199 , 1.06002373,
       1.88623997, 1.63747057, 1.15088752, 3.3301093 , 1.00902616,
       2.47114835, 2.51369808, 1.06623739, 2.75577741, 1.69394417,
       2.22088576, 0.86002662, 1.8790733 , 1.39441907, 1.53074962,
       1.09108993, 0.89902392, 1.67147289, 0.92623601, 3.87664078,
       0.90335515, 1.07575667, 1.24011946, 0.89478447, 2.3513434 ,
       1.53089332, 2.26209906, 2.72043079, 2.2450824 , 4.27607536,
       1.12683158, 1.16537728, 2.55120716, 1.50622918, 2.44919914,
       0.9384678 , 2.03745035, 2.06449591, 4.34412001, 4.13178206,
       2.0762392 , 0.9120693 , 1.46322526, 1.61992802, 4.12382428,
       1.70041959, 1.51075733, 1.27266695, 1.7625621 , 2.74338668,
       1.21988811, 1.03730452, 3.34516057, 0.99064114, 3.49091462,
       1.33499932, 1.26737567, 0.91569478, 1.26468606, 1.00244978,
       1.49422202, 2.86928408, 0.93416405, 1.04496191, 4.39075858,
       1.45518538, 1.79211037, 1.59726258, 1.1177321 , 1.84813923]), array([0.98339929, 1.77406289, 0.97942378, 0.97926313, 1.0659078 ,
       1.15518861, 1.02405418, 1.81414296, 0.98455962, 0.98431741,
       1.36069159, 1.20099   , 0.99936   , 2.6017847 , 0.97883109,
       1.81539294, 1.85157686, 0.98512188, 2.06362987, 1.23480215,
       1.6101672 , 0.97162777, 1.35573595, 1.07696406, 1.14182903,
       0.98865633, 0.97256023, 1.22115628, 0.97353889, 3.14988976,
       0.97269582, 0.98641508, 1.02148296, 0.97243434, 1.71545129,
       1.14190413, 1.64300275, 2.03204952, 1.62939599, 3.56834147,
       0.99466854, 1.00244327, 1.88375792, 1.12920934, 1.79686488,
       0.9740853 , 1.4693136 , 1.48949827, 3.64095831, 3.41560056,
       1.49832868, 0.97299098, 1.10804694, 1.19082216, 3.40722741,
       1.23877985, 1.13151038, 1.03141581, 1.27793773, 2.05253661,
       1.01580872, 0.98163421, 2.6164527 , 0.97730452, 2.75981407,
       1.05313509, 1.02973405, 0.97312294, 1.02888911, 0.97825936,
       1.12317363, 2.16636038, 0.97388493, 0.98249411, 3.69094282,
       1.10423361, 1.29715189, 1.17793338, 0.9930308 , 1.33456275]), array([0.80739832, 2.09618081, 0.79361925, 0.79301398, 0.99388635,
       1.15532404, 0.90892055, 2.15326896, 0.81109354, 0.81033166,
       1.48718096, 1.23266178, 0.85191428, 3.24632846, 0.79136153,
       2.15504571, 2.20638827, 0.81284426, 2.50431962, 1.28822403,
       1.85994322, 0.74853712, 1.47953289, 1.0149908 , 1.1322135 ,
       0.82336351, 0.7584623 , 1.26593636, 0.76580834, 3.99227116,
       0.75960503, 0.81678364, 0.90332644, 0.7573526 , 2.01225529,
       1.13234421, 1.90768455, 2.46022494, 1.88792923, 4.55927678,
       0.83986433, 0.85954479, 2.25191154, 1.11010933, 2.12868713,
       0.76925302, 1.6520666 , 1.68221116, 4.65759135, 4.3524301 ,
       1.69535713, 0.76193324, 1.07235923, 1.21571834, 4.341088  ,
       1.29468852, 1.11416087, 0.92463191, 1.35762416, 2.48883999,
       0.8907544 , 0.80152752, 3.26637813, 0.78518536, 3.46202475,
       0.96892513, 0.92107967, 0.76291394, 0.91928705, 0.78911495,
       1.09943475, 2.64721946, 0.76802996, 0.80442908, 4.72525886,
       1.06545483, 1.38808504, 1.19406541, 0.83550589, 1.44671037]), array([0.77090422, 2.30750458, 0.74759192, 0.74654213, 1.02507235,
       1.21665606, 0.91796223, 2.37435507, 0.77697021, 0.77572572,
       1.60008767, 1.30643787, 0.83960082, 3.66742272, 0.74366502,
       2.37643703, 2.43663428, 0.77981791, 2.78718929, 1.37065179,
       2.0318297 , 0.66526926, 1.59126497, 1.0507088 , 1.189677  ,
       0.79659073, 0.68361642, 1.34491244, 0.69732784, 4.5590142 ,
       0.68574884, 0.78616574, 0.91058637, 0.68154751, 2.20938741,
       1.18982986, 2.08741159, 2.73518168, 2.06440372, 5.23940389,
       0.82184937, 0.85058201, 2.49006422, 1.16377977, 2.34555906,
       0.70373465, 1.79059698, 1.82550077, 5.3575408 , 4.99099464,
       1.84073027, 0.69009643, 1.11928046, 1.28681831, 4.97737958,
       1.37811382, 1.16853425, 0.93840764, 1.45070638, 2.76892718,
       0.89379975, 0.76110769, 3.69131592, 0.73276917, 3.92470205,
       0.99435605, 0.93381759, 0.69192778, 0.93149431, 0.73972747,
       1.15123492, 2.95600014, 0.70146317, 0.76597428, 5.43887448,
       1.11109641, 1.48582279, 1.26170971, 0.81529177, 1.55341087])]

Weights: 
 [array([ 0.26874605, -0.38667   ])
 array([ 0.01263631,  0.04261059, -0.19666131])
 array([-0.10178456,  0.17818484, -0.34294554,  0.04825274])
 array([ 0.06112268, -0.48445194, -0.41574795,  0.26311647,  0.47233872])
 array([ 0.05028188, -0.47500094,  0.21529791,  0.04204149,  0.03038859,
       -0.14045123])
 array([ 0.03806309,  0.06470696, -0.75308558, -0.11220327, -0.30651652,
        0.48579296,  0.48420837])
 array([ 0.30472588, -0.66334571, -0.47249646,  0.01424355, -0.29135855,
        0.47366681,  0.02390838,  0.67946812])
 array([ 0.17318838, -0.57247006, -0.60809958,  0.19773482,  0.1147021 ,
        0.49453863, -0.09053133, -0.24535734,  0.53392887])
 array([ 0.11667563, -0.45341626, -0.31768392, -0.49318772,  0.31174887,
        0.26605931,  0.26711068,  0.45795772,  0.04012017, -0.27496522])]

Test_errors: 
 [0.18725156 0.19570607 0.19175896 0.15924806 0.1716075  0.14688836
 0.11735324 0.13197126 0.13626222]

Train_errors: 
 [0.2892410374765481, 0.31989541330914834, 0.32888666265870725, 0.2943576928564299, 0.3034137683351801, 0.26892273686289697, 0.22651571957211117, 0.2541139370208351, 0.26055437927698744]
(9,)
