x:  [0.66695704 0.40458878 0.94404352 0.69877312 0.2574072  0.83908335
 0.06976371 0.71053789 0.89473343 0.14251095]

y:  [-0.59524536  0.42400864 -0.14539186 -0.83870921  1.36690686 -0.75736428
  1.14160822 -1.3154292  -0.47838826  1.20345898]

x_train:  [0.2574072  0.94404352 0.14251095 0.89473343 0.83908335 0.06976371
 0.69877312 0.40458878]

y_train:  [ 1.36690686 -0.14539186  1.20345898 -0.47838826 -0.75736428  1.14160822
 -0.83870921  0.42400864]

x_test:  [0.66695704 0.71053789]

y_test:  [-0.59524536 -1.3154292 ]



Model fitting for degree 1


Model fitting for degree 2


Model fitting for degree 3


Model fitting for degree 4


Model fitting for degree 5


Model fitting for degree 6


Model fitting for degree 7


Model fitting for degree 8


Model fitting for degree 9


Y_estimates: 
 [array([0.74732952, 0.98986922, 0.70674486, 0.97245148, 0.95279427,
       0.68104844, 0.90323266, 0.79931828]), array([1.04113955, 1.31844118, 1.00186082, 1.29609643, 1.27133049,
       0.97804701, 1.21101483, 1.09443878]), array([0.92897011, 2.34802659, 0.81010008, 2.19167399, 2.02734672,
       0.74535719, 1.66613217, 1.11860676]), array([0.97070712, 1.71082699, 0.95345342, 1.5938342 , 1.47855334,
       0.94837506, 1.25587677, 1.01733089]), array([0.46957444, 2.16003435, 0.34443473, 1.95753283, 1.74888623,
       0.27803503, 1.30566014, 0.6754999 ]), array([0.91446807, 3.92972016, 0.84347846, 3.38857243, 2.87887008,
       0.81816746, 1.96454181, 1.0854392 ]), array([0.91998102, 3.43360772, 0.79421804, 3.01616382, 2.62112793,
       0.72592812, 1.90023406, 1.12870175]), array([0.36949531, 2.93229887, 0.24101854, 2.47131007, 2.05213129,
       0.1698581 , 1.32664629, 0.57808862]), array([0.32806554, 3.66918673, 0.29677903, 2.81028926, 2.09604196,
       0.28661663, 1.06573016, 0.4136826 ])]

Weights: 
 [array([ 0.34511344, -0.22609861])
 array([ 0.53052372, -0.2786635 , -0.44690953])
 array([ 0.40539502, -0.17015018, -0.39764805, -0.18082918])
 array([ 0.58611372, -0.5371708 , -0.25314611, -0.14798544,  0.03948585])
 array([ 0.34837257,  0.01052855, -0.09195523, -0.11286619, -0.3813031 ,
       -0.40577893])
 array([ 0.56090087, -0.86716849, -0.0156009 , -0.16062521,  0.02907907,
        0.12069523, -0.01070561])
 array([ 0.38271549, -0.0475561 , -0.2316339 , -0.39683455, -0.16676467,
        0.31866087, -0.08184726, -0.38866956])
 array([ 0.34261656,  0.11889427, -0.39894754, -0.01699944, -0.49265125,
        0.12308874, -0.23604308, -0.11613326,  0.01973359])
 array([ 0.58158293, -0.71589297, -0.37211125, -0.50833279,  0.11724071,
       -0.34951667,  0.40076769,  0.33156251,  0.42935679,  0.04868475])]

Test_errors: 
 [0.7182698  0.64306305 0.55287716 0.56867555 0.63922497 0.44763399
 0.59618248 0.61641496 0.3475626 ]

Train_errors: 
 [0.3122762503770181, 0.2143572254134976, 0.2250939662579756, 0.1896188860410563, 0.2402968988916956, 0.1912022517270779, 0.22808704397219065, 0.23558624574838063, 0.1627430343489392]
